11 0.48974609 0.77766927 0.08105469 0.16341146
11 0.26049805 0.68359375 0.05419922 0.12630208
11 0.04077148 0.71842448 0.06982422 0.13997396
11 0.39404297 0.55924479 0.08789062 0.34244792
11 0.12207031 0.68684896 0.03515625 0.06510417
11 0.45581055 0.57584635 0.05126953 0.14778646
11 0.96069336 0.65950521 0.07373047 0.07552083
11 0.94116211 0.50130208 0.07275391 0.25260417
11 0.65673828 0.62858073 0.06347656 0.16471354
11 0.57934570 0.61035156 0.10498047 0.18424479
11 0.69458008 0.24804688 0.07568359 0.06640625
11 0.32641602 0.62858073 0.09423828 0.21028646
