11 0.09472656 0.32307692 0.15234375 0.32380952
11 0.22216797 0.30879121 0.09472656 0.22197802
11 0.11108398 0.68498168 0.22216797 0.37216117
11 0.34252930 0.79084249 0.16455078 0.35604396
11 0.54882812 0.33553114 0.12158203 0.28644689
11 0.73144531 0.20036630 0.14892578 0.31575092
11 0.64233398 0.55091575 0.12548828 0.25201465
11 0.80126953 0.52051282 0.15478516 0.35238095
11 0.45703125 0.42344322 0.11767578 0.27179487
11 0.42333984 0.57875458 0.16601562 0.16776557
11 0.26782227 0.57252747 0.09521484 0.12673993
11 0.22509766 0.48095238 0.14355469 0.13626374
11 0.68041992 0.47765568 0.17529297 0.20952381
