11 0.83569336 0.61062271 0.08105469 0.14725275
11 0.13403320 0.57069597 0.09960938 0.15604396
11 0.03735352 0.65494505 0.07470703 0.32527473
11 0.26611328 0.48644689 0.10058594 0.32893773
11 0.34985352 0.40183150 0.09130859 0.28351648
11 0.50610352 0.45164835 0.08984375 0.15091575
11 0.59667969 0.57142857 0.09814453 0.33040293
11 0.44506836 0.60109890 0.05322266 0.07985348
11 0.15649414 0.31355311 0.08349609 0.10183150
11 0.69531250 0.63406593 0.09716797 0.18534799
11 0.97070312 0.44798535 0.05859375 0.09890110
