11 0.44311523 0.76757812 0.10644531 0.18359375
11 0.23559570 0.60709635 0.07421875 0.13932292
11 0.03076172 0.57486979 0.06152344 0.15755208
11 0.38671875 0.52604167 0.14355469 0.36002604
11 0.10034180 0.56868490 0.04541016 0.07421875
11 0.44409180 0.56054688 0.07470703 0.15950521
11 0.92187500 0.79361979 0.08447266 0.09570312
11 0.92968750 0.63346354 0.11328125 0.26822917
11 0.63110352 0.67220052 0.08984375 0.17968750
11 0.55859375 0.63118490 0.13330078 0.21093750
11 0.73217773 0.31282552 0.08496094 0.08723958
11 0.30908203 0.57324219 0.12744141 0.23307292
