11 0.52612305 0.77571615 0.10107422 0.17968750
11 0.28808594 0.73632812 0.06982422 0.13671875
11 0.07617188 0.82128906 0.08691406 0.15429688
11 0.40332031 0.58300781 0.13134766 0.35742188
11 0.15209961 0.77148438 0.04296875 0.07226562
11 0.46630859 0.58496094 0.06982422 0.15755208
11 0.96655273 0.55013021 0.06689453 0.09114583
11 0.93457031 0.39908854 0.10449219 0.26562500
11 0.67114258 0.59049479 0.08398438 0.17708333
11 0.59252930 0.59016927 0.12744141 0.20572917
11 0.65869141 0.20670573 0.08300781 0.08268229
11 0.34570312 0.66666667 0.12011719 0.22916667
