11 0.81787109 0.69633700 0.06689453 0.13186813
11 0.13134766 0.47435897 0.08544922 0.13553114
11 0.02294922 0.53113553 0.04589844 0.31794872
11 0.27124023 0.42564103 0.06494141 0.31648352
11 0.36352539 0.36410256 0.06054688 0.27179487
11 0.51171875 0.45384615 0.07568359 0.13333333
11 0.58691406 0.59560440 0.06201172 0.31941392
11 0.43408203 0.58534799 0.04589844 0.06886447
11 0.18334961 0.22673993 0.07519531 0.08351648
11 0.67675781 0.68278388 0.07910156 0.16703297
11 0.97216797 0.57216117 0.05419922 0.08644689
