11 0.08032227 0.43150183 0.11962891 0.29743590
11 0.20434570 0.38388278 0.07177734 0.20659341
11 0.13671875 0.78424908 0.19042969 0.32747253
11 0.37866211 0.82747253 0.12841797 0.32747253
11 0.52905273 0.32527473 0.09228516 0.26666667
11 0.69335938 0.14468864 0.11718750 0.28937729
11 0.64599609 0.51318681 0.10058594 0.22930403
11 0.79907227 0.44175824 0.11865234 0.32673993
11 0.44873047 0.43589744 0.08984375 0.25201465
11 0.43359375 0.59743590 0.15332031 0.12967033
11 0.27978516 0.63186813 0.08398438 0.10622711
11 0.22705078 0.55274725 0.13378906 0.10329670
11 0.67504883 0.43113553 0.15771484 0.17069597
