11 0.83447266 0.61941392 0.07958984 0.14578755
11 0.13330078 0.56117216 0.09863281 0.15384615
11 0.03564453 0.64285714 0.07128906 0.32454212
11 0.26635742 0.48021978 0.09716797 0.32747253
11 0.35107422 0.39780220 0.08837891 0.28278388
11 0.50683594 0.45164835 0.08886719 0.14945055
11 0.59570312 0.57399267 0.09472656 0.32967033
11 0.44384766 0.59963370 0.05273438 0.07912088
11 0.15869141 0.30439560 0.08300781 0.10036630
11 0.69360352 0.63919414 0.09570312 0.18388278
11 0.97119141 0.46007326 0.05761719 0.09816850
