11 0.51171875 0.68058608 0.04589844 0.09816850
11 0.57250977 0.36336996 0.10156250 0.27619048
11 0.29199219 0.64029304 0.07617188 0.17069597
11 0.11523438 0.45274725 0.09863281 0.17728938
11 0.25561523 0.45018315 0.16113281 0.13040293
11 0.52270508 0.57106227 0.05664062 0.10622711
11 0.62524414 0.52124542 0.06787109 0.16996337
11 0.63281250 0.36886447 0.08105469 0.10915751
11 0.72436523 0.35714286 0.07226562 0.19047619
11 0.83447266 0.64542125 0.07373047 0.21025641
11 0.82104492 0.42967033 0.07373047 0.21538462
11 0.77416992 0.57252747 0.07714844 0.23809524
11 0.16186523 0.68095238 0.04931641 0.08424908
