11 0.51611328 0.67985348 0.04785156 0.09963370
11 0.56933594 0.35970696 0.10742188 0.27985348
11 0.29541016 0.65128205 0.08007812 0.17435897
11 0.11450195 0.47289377 0.10205078 0.18168498
11 0.25463867 0.46336996 0.16357422 0.13846154
11 0.52416992 0.56996337 0.05908203 0.10842491
11 0.62573242 0.51465201 0.07177734 0.17289377
11 0.62988281 0.36190476 0.08349609 0.11282051
11 0.72094727 0.34542125 0.07666016 0.19267399
11 0.83764648 0.62783883 0.07812500 0.21245421
11 0.81909180 0.41282051 0.07812500 0.21831502
11 0.77563477 0.55824176 0.08203125 0.24029304
11 0.16625977 0.69853480 0.05126953 0.08644689
