11 0.50341797 0.68131868 0.04150391 0.09377289
11 0.57861328 0.37142857 0.08935547 0.26739927
11 0.28588867 0.61831502 0.06884766 0.16410256
11 0.11840820 0.41245421 0.09082031 0.16849817
11 0.25854492 0.42490842 0.15625000 0.11428571
11 0.51928711 0.57326007 0.05224609 0.10109890
11 0.62402344 0.53443223 0.06054688 0.16410256
11 0.63867188 0.38315018 0.07666016 0.10109890
11 0.73046875 0.38095238 0.06396484 0.18388278
11 0.82690430 0.68021978 0.06445312 0.20366300
11 0.82348633 0.46336996 0.06396484 0.20952381
11 0.77001953 0.60109890 0.06640625 0.23150183
11 0.15429688 0.64505495 0.04589844 0.07985348
