11 0.07836914 0.53076923 0.14892578 0.32161172
11 0.19580078 0.45457875 0.09228516 0.22124542
11 0.17065430 0.84065934 0.22216797 0.31868132
11 0.41406250 0.83736264 0.16113281 0.32527473
11 0.51049805 0.32051282 0.11914062 0.28498168
11 0.65405273 0.13003663 0.14599609 0.26007326
11 0.64550781 0.47875458 0.12304688 0.24981685
11 0.78930664 0.37216117 0.15136719 0.35091575
11 0.44262695 0.44871795 0.11523438 0.27032967
11 0.44458008 0.61172161 0.16503906 0.16410256
11 0.29614258 0.68205128 0.09423828 0.12454212
11 0.23583984 0.61611722 0.14306641 0.13333333
11 0.66577148 0.39084249 0.17333984 0.20586081
