9 0.59970313 0.66800000 0.22128125 0.61694444
9 0.92924219 0.52825000 0.14151562 0.46444444
9 0.81767187 0.37286111 0.13966406 0.46076389
9 0.70997656 0.34348611 0.17424219 0.55126389
9 0.48901563 0.32163889 0.12510156 0.43613889
9 0.34806250 0.48922222 0.08780469 0.39138889
9 0.46624219 0.65734722 0.06349219 0.24163889
9 0.41446094 0.57116667 0.09562500 0.58068056
9 0.31413281 0.60563889 0.10325781 0.38906944
9 0.22596875 0.43930556 0.08318750 0.22304167
9 0.27785938 0.53984722 0.07759375 0.27029167
