9 0.59453125 0.67708333 0.23906250 0.63611111
9 0.92500000 0.56736111 0.15000000 0.47638889
9 0.82109375 0.40277778 0.15312500 0.47361111
9 0.71445313 0.36319444 0.18984375 0.56666667
9 0.49414062 0.32083333 0.13750000 0.44722222
9 0.34843750 0.47500000 0.09921875 0.39861111
9 0.46171875 0.65416667 0.07031250 0.24722222
9 0.41250000 0.56319444 0.11250000 0.58888889
9 0.31132813 0.58819444 0.11484375 0.39861111
9 0.22812500 0.41388889 0.08984375 0.23055556
9 0.27695313 0.51944444 0.08515625 0.27777778
