9 0.60742188 0.65208333 0.25078125 0.64861111
9 0.92343750 0.46180556 0.15312500 0.48472222
9 0.81015625 0.32430556 0.16171875 0.48055556
9 0.70156250 0.31180556 0.20078125 0.57638889
9 0.48046875 0.32430556 0.14609375 0.45416667
9 0.34804687 0.51250000 0.10703125 0.40416667
9 0.47421875 0.66180556 0.07500000 0.25000000
9 0.41835937 0.58402778 0.12343750 0.59305556
9 0.31992188 0.63402778 0.12187500 0.40416667
9 0.22421875 0.48194444 0.09375000 0.23472222
9 0.28046875 0.57430556 0.09062500 0.28194444
