9 0.52180990 0.80493164 0.34960938 0.32617188
9 0.22493490 0.52026367 0.32617188 0.40234375
9 0.58658854 0.18066406 0.20898438 0.13183594
9 0.70540365 0.43969727 0.10872396 0.09228516
9 0.77083333 0.86352539 0.31770833 0.18701172
9 0.36165365 0.37817383 0.25390625 0.27392578
9 0.68391927 0.33129883 0.16471354 0.10009766
9 0.92382812 0.84667969 0.10546875 0.11767578
9 0.56250000 0.29736328 0.06119792 0.02636719
9 0.52864583 0.41503906 0.15169271 0.13427734
9 0.09147135 0.67846680 0.06380208 0.06738281
