9 0.33365885 0.85693359 0.14453125 0.14501953
9 1.00000000 0.10791016 0.11067708 0.12744141
9 0.44303385 0.58593750 0.11523438 0.16992188
9 0.53190104 0.73876953 0.09635417 0.11962891
9 0.75976562 0.48974609 0.15429688 0.19433594
9 0.67122396 0.18457031 0.21809896 0.31640625
9 0.24804688 0.17944336 0.30078125 0.35888672
9 0.36686198 0.32861328 0.18945312 0.29980469
9 1.00000000 0.63232422 0.08723958 0.12451172
9 0.98177083 0.85302734 0.10416667 0.17968750
9 0.86360677 0.62084961 0.08723958 0.04931641
9 0.47395833 0.10742188 0.29296875 0.21484375
9 0.71582031 0.01367188 0.06184896 0.02734375
9 0.07617188 0.58178711 0.06315104 0.16015625
