9 0.95247396 0.46752930 0.16796875 0.15087891
9 0.84244792 0.21386719 0.17187500 0.13525391
9 0.68489583 0.14404297 0.16927083 0.20703125
9 0.76497396 0.60400391 0.11783854 0.10937500
9 0.39225260 0.28344727 0.17968750 0.14794922
9 0.60611979 0.42456055 0.20898438 0.21630859
9 0.14453125 0.79516602 0.09505208 0.12695312
9 0.40169271 0.10839844 0.12825521 0.08154297
9 0.20800781 0.89282227 0.11328125 0.09960938
9 1.00000000 0.41430664 0.07031250 0.08007812
9 0.79069010 0.34130859 0.12304688 0.06787109
9 0.54264323 0.41162109 0.04101562 0.03613281
