9 0.25651042 0.53125000 0.24414062 0.27734375
9 0.41438802 0.06689453 0.19466146 0.13378906
9 0.64648438 0.08496094 0.14062500 0.16992188
9 0.41471354 0.66845703 0.10091146 0.15039062
9 0.42708333 0.43530273 0.07877604 0.10302734
9 0.73274740 0.16406250 0.17708333 0.22021484
9 0.49348958 0.19848633 0.16341146 0.19921875
9 0.68326823 0.53979492 0.22395833 0.27587891
9 1.00000000 0.26953125 0.18359375 0.10449219
9 0.49902344 0.83471680 0.06510417 0.04882812
9 0.66927083 0.39721680 0.08463542 0.05566406
9 0.44759115 0.39355469 0.07682292 0.06591797
9 0.10709635 0.53613281 0.06575521 0.07373047
9 1.00000000 0.70166016 0.02864583 0.04296875
9 0.15950521 0.20166016 0.02929688 0.06738281
9 0.34993490 0.34252930 0.10872396 0.08056641
9 0.55208333 0.25927734 0.16471354 0.18652344
