9 0.66113281 0.67700195 0.35546875 0.32861328
9 0.55240885 0.32470703 0.33398438 0.40380859
9 1.00000000 0.13159180 0.21028646 0.13378906
9 1.00000000 0.40405273 0.11002604 0.09277344
9 0.85384115 0.80908203 0.31966146 0.18994141
9 0.75651042 0.23950195 0.25911458 0.27539062
9 1.00000000 0.29907227 0.16601562 0.10156250
9 1.00000000 0.84204102 0.10807292 0.11816406
9 0.98404948 0.22973633 0.06119792 0.02734375
9 0.88704427 0.32568359 0.15364583 0.13525391
9 0.34244792 0.42578125 0.06510417 0.06738281
