9 0.09993490 0.47485352 0.15950521 0.17822266
9 0.23893229 0.43383789 0.09244792 0.09423828
9 0.43229167 0.41088867 0.06510417 0.06298828
9 0.53971354 0.45971680 0.24348958 0.28955078
9 0.21777344 0.59643555 0.12044271 0.12890625
9 0.03873698 0.65820312 0.07747396 0.08789062
9 0.59798177 0.72241211 0.26367188 0.22119141
9 0.48014323 0.77783203 0.06705729 0.06347656
9 0.22428385 0.86425781 0.12890625 0.07861328
9 0.25292969 1.00000000 0.10677083 0.06250000
9 0.57779948 0.24731445 0.14127604 0.09716797
