9 0.69563802 0.94750977 0.11653646 0.10253906
9 0.63899740 0.87866211 0.10221354 0.09667969
9 0.65950521 0.05468750 0.12044271 0.06689453
9 0.10026042 0.96289062 0.20052083 0.37402344
9 0.02832031 0.67285156 0.05664062 0.21191406
9 0.36165365 0.44360352 0.24804688 0.25097656
9 0.30826823 0.12255859 0.05078125 0.05468750
9 0.54687500 0.54492188 0.16210938 0.14013672
9 0.58007812 0.71044922 0.24869792 0.23632812
9 0.39257812 0.83105469 0.20312500 0.31152344
9 0.24674479 0.54565430 0.23307292 0.17138672
9 0.74479167 0.65795898 0.04817708 0.04980469
9 0.13932292 0.39648438 0.21614583 0.12011719
9 0.17350260 0.24511719 0.09049479 0.10742188
