9 0.52343750 0.51757812 0.20833333 0.30712891
9 0.24153646 0.08837891 0.18945312 0.17675781
9 0.83203125 0.17724609 0.13020833 0.07861328
9 0.46354167 0.08251953 0.12109375 0.16503906
9 0.88085938 0.38720703 0.10611979 0.09228516
9 0.98111979 0.66943359 0.03710938 0.12548828
9 0.05143229 0.18798828 0.10286458 0.05029297
9 0.81380208 0.54394531 0.09960938 0.19873047
9 0.74348958 0.31494141 0.05729167 0.03515625
9 0.28580729 0.27490234 0.07552083 0.09033203
9 0.43229167 0.35253906 0.17057292 0.10742188
9 0.39583333 0.49218750 0.06640625 0.08837891
