9 0.71158854 0.90087891 0.09179688 0.08935547
9 0.67708333 0.82421875 0.07812500 0.08593750
9 0.94401042 0.02490234 0.10807292 0.04980469
9 0.11523438 0.81347656 0.11848958 0.36328125
9 0.07421875 0.50878906 0.14583333 0.19238281
9 0.53710938 0.35351562 0.18489583 0.22558594
9 0.58138021 0.03173828 0.03645833 0.04980469
9 0.68750000 0.48339844 0.12890625 0.12158203
9 0.66992188 0.65039062 0.19075521 0.20947266
9 0.45117188 0.73632812 0.11588542 0.29980469
9 0.39453125 0.43359375 0.19531250 0.14208984
9 0.84635417 0.62695312 0.03580729 0.04492188
9 0.33463542 0.27001953 0.19401042 0.08984375
9 0.41341146 0.12841797 0.06250000 0.09960938
