9 0.46191406 0.55566406 0.25000000 0.32177734
9 0.12174479 0.15087891 0.21289062 0.19042969
9 0.72135417 0.19287109 0.14062500 0.08837891
9 0.34179688 0.12768555 0.14322917 0.17382812
9 0.79915365 0.39794922 0.11848958 0.10009766
9 0.93815104 0.67065430 0.05468750 0.12792969
9 0.75455729 0.55908203 0.12695312 0.20556641
9 0.65266927 0.33691406 0.06184896 0.03955078
9 0.19173177 0.33300781 0.08789062 0.09570312
9 0.34830729 0.39868164 0.18489583 0.12011719
9 0.33138021 0.54028320 0.07812500 0.09326172
