9 0.11165365 0.46337891 0.15625000 0.17626953
9 0.25162760 0.42431641 0.09049479 0.09326172
9 0.44531250 0.40380859 0.06380208 0.06250000
9 0.55208333 0.45410156 0.23763021 0.28710938
9 0.22688802 0.58666992 0.11783854 0.12792969
9 0.04199219 0.64550781 0.08398438 0.08691406
9 0.60384115 0.71752930 0.25976562 0.21826172
9 0.48502604 0.77124023 0.06575521 0.06250000
9 0.22688802 0.85424805 0.12760417 0.07714844
9 0.25195312 1.00000000 0.10611979 0.06152344
9 0.59472656 0.24218750 0.13932292 0.09570312
