9 0.69498698 0.95117188 0.11783854 0.10351562
9 0.63671875 0.88305664 0.10351562 0.09765625
9 0.63802083 0.05908203 0.12109375 0.06787109
9 0.10221354 0.97460938 0.20442708 0.37402344
9 0.02604167 0.68652344 0.05208333 0.21289062
9 0.34928385 0.45166016 0.25195312 0.25244141
9 0.28841146 0.13159180 0.05143229 0.05517578
9 0.53710938 0.55053711 0.16406250 0.14160156
9 0.57389323 0.71582031 0.25260417 0.23779297
9 0.38932292 0.83886719 0.20898438 0.31201172
9 0.23665365 0.55541992 0.23502604 0.17333984
9 0.73730469 0.66088867 0.04947917 0.05029297
9 0.12565104 0.40747070 0.21744792 0.12255859
9 0.15657552 0.25585938 0.09309896 0.10791016
