9 0.16145833 0.41943359 0.14062500 0.16943359
9 0.30468750 0.38769531 0.08268229 0.08935547
9 0.50000000 0.37744141 0.05859375 0.05957031
9 0.60156250 0.43310547 0.21223958 0.27685547
9 0.26497396 0.54833984 0.10677083 0.12255859
9 0.07356771 0.59765625 0.08007812 0.08300781
9 0.62890625 0.69873047 0.24088542 0.20605469
9 0.50520833 0.74609375 0.06054688 0.05957031
9 0.24023438 0.81542969 0.12109375 0.07080078
9 0.25065104 0.97167969 0.10091146 0.05615234
9 0.66406250 0.22412109 0.13151042 0.08886719
