9 0.31901042 0.91650391 0.12369792 0.13476562
9 0.88932292 0.10937500 0.09179688 0.12011719
9 0.38346354 0.63769531 0.08919271 0.16308594
9 0.49674479 0.78125000 0.07877604 0.11328125
9 0.68229167 0.51318359 0.12500000 0.18408203
9 0.54492188 0.21826172 0.16992188 0.30322266
9 0.11718750 0.21142578 0.23372396 0.42285156
9 0.26627604 0.38916016 0.14322917 0.28906250
9 0.96549479 0.63085938 0.06835938 0.11914062
9 0.96158854 0.85351562 0.07617188 0.17382812
9 0.80664062 0.63378906 0.08072917 0.04248047
9 0.33593750 0.15429688 0.26171875 0.20361328
9 0.55924479 0.03222656 0.05468750 0.04736328
9 0.01888021 0.66699219 0.03776042 0.15771484
