9 0.61197917 0.06445312 0.15169271 0.11425781
9 0.91210938 0.77954102 0.29231771 0.42138672
9 0.75748698 0.08544922 0.21940104 0.17089844
9 0.42513021 0.07690430 0.15885417 0.12792969
9 0.78059896 0.25317383 0.15234375 0.08740234
9 1.00000000 0.17944336 0.13736979 0.07373047
9 0.47265625 0.30273438 0.37955729 0.37988281
9 0.60221354 0.21215820 0.09375000 0.11035156
9 0.66438802 0.37695312 0.21484375 0.17041016
9 0.76627604 0.52416992 0.25781250 0.15625000
9 1.00000000 0.32519531 0.19596354 0.16796875
