9 0.57942708 0.73779297 0.27539062 0.28955078
9 0.36783854 0.41308594 0.22721354 0.37500000
9 0.81575521 0.13720703 0.18359375 0.10546875
9 0.86002604 0.40917969 0.08854167 0.08007812
9 0.80664062 0.83398438 0.28320312 0.14599609
9 0.54101562 0.29541016 0.18880208 0.25000000
9 0.86914062 0.29980469 0.14583333 0.07910156
9 0.96093750 0.84130859 0.07747396 0.10791016
9 0.75976562 0.24755859 0.05729167 0.01806641
9 0.69401042 0.35742188 0.12174479 0.11767578
9 0.19335938 0.54687500 0.04817708 0.06103516
