9 0.88151042 0.47216797 0.14908854 0.14013672
9 0.73697917 0.22851562 0.15559896 0.12353516
9 0.57031250 0.17138672 0.14257812 0.19677734
9 0.71419271 0.62255859 0.10416667 0.10156250
9 0.29882812 0.33300781 0.16145833 0.13623047
9 0.53125000 0.45654297 0.18164062 0.20312500
9 0.12369792 0.86132812 0.07877604 0.12158203
9 0.28385417 0.15820312 0.11848958 0.07275391
9 0.20052083 0.95361328 0.10091146 0.09228516
9 0.97005208 0.41162109 0.05989583 0.07568359
9 0.70312500 0.35937500 0.11523438 0.05908203
9 0.46614583 0.44873047 0.03645833 0.03369141
