9 0.17252604 0.62109375 0.19270833 0.25781250
9 0.22916667 0.13134766 0.16666667 0.14257812
9 0.46354167 0.12841797 0.10611979 0.17236328
9 0.35742188 0.73828125 0.07161458 0.14355469
9 0.32096354 0.50634766 0.05924479 0.09716797
9 0.56640625 0.20263672 0.13541667 0.20703125
9 0.33723958 0.26464844 0.12630208 0.18652344
9 0.59570312 0.57958984 0.17187500 0.25878906
9 0.87695312 0.27246094 0.16796875 0.08593750
9 0.47526042 0.89257812 0.05664062 0.04248047
9 0.55208333 0.44042969 0.07552083 0.04736328
9 0.58463542 0.01855469 0.07421875 0.03662109
9 0.33268229 0.46289062 0.06510417 0.05908203
9 0.02604167 0.64355469 0.05208333 0.06835938
9 0.98958333 0.69677734 0.02018229 0.04101562
9 0.00781250 0.30712891 0.01562500 0.06640625
9 0.22526042 0.42382812 0.09505208 0.07031250
9 0.40755208 0.31787109 0.13020833 0.17333984
