9 0.24641927 0.54052734 0.23893229 0.27539062
9 0.39322917 0.07031250 0.19140625 0.14062500
9 0.62597656 0.08691406 0.13736979 0.17382812
9 0.40755208 0.67602539 0.09765625 0.14941406
9 0.41471354 0.44238281 0.07682292 0.10253906
9 0.71386719 0.16723633 0.17252604 0.21923828
9 0.47558594 0.20483398 0.15950521 0.19775391
9 0.67317708 0.54370117 0.21809896 0.27441406
9 1.00000000 0.26879883 0.18229167 0.10253906
9 0.49576823 0.84106445 0.06380208 0.04785156
9 0.65559896 0.40136719 0.08333333 0.05468750
9 0.76595052 0.00439453 0.08007812 0.00878906
9 0.43424479 0.40063477 0.07552083 0.06542969
9 0.09700521 0.54760742 0.06445312 0.07324219
9 1.00000000 0.70092773 0.02734375 0.04248047
9 0.14160156 0.21264648 0.02799479 0.06738281
9 0.33528646 0.35083008 0.10742188 0.07958984
9 0.53548177 0.26489258 0.16080729 0.18505859
