9 0.38671875 0.13330078 0.12890625 0.09765625
9 0.86328125 0.79248047 0.19401042 0.40087891
9 0.52799479 0.10742188 0.17122396 0.20263672
9 0.20638021 0.17236328 0.13281250 0.11083984
9 0.60026042 0.29443359 0.13736979 0.06884766
9 0.80533854 0.18945312 0.12500000 0.05712891
9 0.31054688 0.38720703 0.29752604 0.34375000
9 0.41471354 0.27978516 0.06901042 0.10253906
9 0.51757812 0.43261719 0.18098958 0.14697266
9 0.65494792 0.56250000 0.22981771 0.12548828
9 0.90625000 0.32324219 0.16145833 0.14746094
