9 0.38899740 0.61352539 0.30143229 0.33593750
9 0.04850260 0.24804688 0.09700521 0.20605469
9 0.57845052 0.22729492 0.15169271 0.10009766
9 0.19042969 0.20214844 0.17057292 0.18212891
9 0.69368490 0.42211914 0.13281250 0.10888672
9 0.88183594 0.67773438 0.07617188 0.12841797
9 0.67903646 0.58642578 0.16080729 0.21093750
9 0.53710938 0.37695312 0.06705729 0.04443359
9 0.08007812 0.42114258 0.10221354 0.10156250
9 0.24707031 0.46972656 0.19986979 0.13525391
9 0.25683594 0.61206055 0.09309896 0.09765625
