9 0.89322917 0.47094727 0.15234375 0.14208984
9 0.75455729 0.22558594 0.15820312 0.12548828
9 0.58919271 0.16625977 0.14713542 0.19873047
9 0.72233073 0.61914062 0.10677083 0.10302734
9 0.31380208 0.32421875 0.16471354 0.13818359
9 0.54329427 0.45068359 0.18619792 0.20556641
9 0.12662760 0.85009766 0.08138021 0.12255859
9 0.30305990 0.14916992 0.12044271 0.07421875
9 0.20117188 0.94335938 0.10286458 0.09375000
9 0.98307292 0.41162109 0.06184896 0.07666016
9 0.71744792 0.35595703 0.11653646 0.06054688
9 0.47851562 0.44213867 0.03710938 0.03417969
