9 0.54882812 0.07983398 0.14583333 0.11035156
9 0.89843750 0.78247070 0.26627604 0.41699219
9 0.69335938 0.08911133 0.20703125 0.17822266
9 0.36295573 0.09985352 0.15234375 0.12353516
9 0.73046875 0.26171875 0.14908854 0.08251953
9 0.95312500 0.17919922 0.13411458 0.06982422
9 0.42643229 0.32348633 0.35872396 0.37158203
9 0.54947917 0.22802734 0.08723958 0.10888672
9 0.62304688 0.38989258 0.20638021 0.16455078
9 0.73502604 0.53295898 0.25065104 0.14843750
9 1.00000000 0.32226562 0.18750000 0.16308594
