11 0.41899099 0.16942308 0.19473874 0.33884615
11 0.18163964 0.42894231 0.19046847 0.40350962
11 0.29363964 0.65865385 0.15506306 0.32211538
11 0.42081081 0.59353365 0.13075676 0.25603365
11 0.53536937 0.62560096 0.14609009 0.32014423
11 0.68443243 0.18985577 0.15866667 0.35889423
11 0.59722523 0.32500000 0.17852252 0.42449519
11 0.83623423 0.12612981 0.14091892 0.25225962
11 0.85470270 0.71264423 0.12320721 0.27865385
11 0.46028829 0.83786058 0.07612613 0.20459135
11 0.62994595 0.82786058 0.11908108 0.24064904
11 0.71027027 0.65552885 0.12863063 0.24855769
11 0.04293694 0.43391827 0.08587387 0.37427885
