11 0.40180180 0.17788462 0.21261261 0.35576923
11 0.17837838 0.45913462 0.21081081 0.42067308
11 0.30270270 0.67788462 0.17117117 0.33653846
11 0.42612613 0.60096154 0.14414414 0.26682692
11 0.54144144 0.62259615 0.16216216 0.33413462
11 0.66666667 0.17908654 0.17657658 0.35817308
11 0.58828829 0.31610577 0.20000000 0.43990385
11 0.81531532 0.11418269 0.15315315 0.22836538
11 0.86486486 0.67908654 0.13693694 0.28846154
11 0.47837838 0.84014423 0.08648649 0.21153846
11 0.64684685 0.81490385 0.13153153 0.25000000
11 0.71801802 0.63581731 0.14054054 0.25961538
11 0.04594595 0.47716346 0.09189189 0.38221154
