11 0.42252252 0.16947115 0.20000000 0.33894231
11 0.18288288 0.42187500 0.19639640 0.40865385
11 0.29189189 0.65384615 0.15855856 0.32451923
11 0.41981982 0.59134615 0.13333333 0.25961538
11 0.53333333 0.62620192 0.14954955 0.32451923
11 0.68828829 0.19471154 0.16396396 0.36298077
11 0.59909910 0.32692308 0.18378378 0.42788462
11 0.84144144 0.13461538 0.14414414 0.25480769
11 0.85225225 0.72115385 0.12612613 0.28125000
11 0.45585586 0.83653846 0.07927928 0.20673077
11 0.62522523 0.83052885 0.12252252 0.24278846
11 0.70810811 0.65985577 0.13153153 0.25240385
11 0.04414414 0.42187500 0.08828829 0.37740385
