11 0.89355469 0.64160156 0.21158854 0.25439453
11 0.39127604 0.76733398 0.22526042 0.29736328
11 0.69791667 0.92846680 0.12500000 0.11962891
11 0.07519531 0.31274414 0.11197917 0.08544922
11 0.45865885 0.26684570 0.30859375 0.20849609
11 0.18717448 0.48266602 0.25390625 0.21826172
11 0.05501302 0.14331055 0.06966146 0.12207031
11 0.10514323 0.02319336 0.14778646 0.04638672
11 0.65169271 0.54614258 0.06705729 0.03808594
11 0.61295573 0.75756836 0.05338542 0.08496094
11 0.97851562 0.09204102 0.04296875 0.14892578
