11 0.90274740 0.62595703 0.19450521 0.24702148
11 0.41002604 0.77134766 0.20522135 0.28955566
11 0.72754557 0.92000488 0.11705078 0.11512207
11 0.06266927 0.32969238 0.10643880 0.08144043
11 0.44248698 0.26881348 0.29515625 0.19729980
11 0.18649740 0.49494629 0.23968750 0.20912109
11 0.03078776 0.16122070 0.06157552 0.11957520
11 0.07194010 0.03002930 0.14388021 0.06005859
11 0.65478516 0.54017090 0.06477865 0.03556152
11 0.63074219 0.75278320 0.04741536 0.08313965
11 0.96679688 0.07337402 0.06640625 0.14674805
