1782796491620 1.12832 0
1782797051931 1.05965 1
1782797608715 1.02038 2
1782798148574 0.98611 3
1782798690348 0.95371 4
1782799228743 0.9319 5
1782799764579 0.90264 6
1782800299770 0.89056 7
1782800842138 0.87454 8
1782801380835 0.86701 9
1782801916666 0.85472 10
1782802454711 0.84069 11
1782802994199 0.83035 12
1782803530418 0.82025 13
1782804083698 0.81396 14
1782804641088 0.80161 15
1782805188494 0.7937 16
1782805734565 0.79077 17
1782806282266 0.78036 18
1782806828853 0.76884 19
1782807336747 0.73626 20
1782807850154 0.71352 21
1782808361382 0.6984 22
1782808871043 0.68824 23
1782809379892 0.68024 24
1782809886478 0.66857 25
1782810396052 0.65807 26
1782810904597 0.64737 27
1782811413629 0.64217 28
1782811924977 0.63565 29
