1782796491620 3.08998 0
1782797051931 1.89245 1
1782797608715 1.59751 2
1782798148574 1.42338 3
1782798690348 1.30466 4
1782799228743 1.22233 5
1782799764579 1.14514 6
1782800299770 1.09389 7
1782800842138 1.03896 8
1782801380835 1.0032 9
1782801916666 0.97225 10
1782802454711 0.93874 11
1782802994199 0.91305 12
1782803530418 0.89109 13
1782804083698 0.87299 14
1782804641088 0.8458 15
1782805188494 0.82636 16
1782805734565 0.81894 17
1782806282266 0.79678 18
1782806828853 0.77349 19
1782807336747 0.64188 20
1782807850154 0.60515 21
1782808361382 0.58387 22
1782808871043 0.56685 23
1782809379892 0.5497 24
1782809886478 0.53911 25
1782810396052 0.5293 26
1782810904597 0.50954 27
1782811413629 0.50467 28
1782811924977 0.49223 29
