1782796491620 1.42731 0
1782797051931 1.37782 1
1782797608715 1.32851 2
1782798148574 1.2947 3
1782798690348 1.2702 4
1782799228743 1.25587 5
1782799764579 1.23745 6
1782800299770 1.22601 7
1782800842138 1.21717 8
1782801380835 1.21217 9
1782801916666 1.20328 10
1782802454711 1.1951 11
1782802994199 1.18951 12
1782803530418 1.18264 13
1782804083698 1.18123 14
1782804641088 1.17242 15
1782805188494 1.16754 16
1782805734565 1.16743 17
1782806282266 1.15803 18
1782806828853 1.15179 19
1782807336747 1.18089 20
1782807850154 1.16789 21
1782808361382 1.15659 22
1782808871043 1.14831 23
1782809379892 1.14757 24
1782809886478 1.13598 25
1782810396052 1.13193 26
1782810904597 1.11888 27
1782811413629 1.11312 28
1782811924977 1.11197 29
