1782796491620 9.255595380326563e-05 0
1782797051931 0.0001791102739944245 1
1782797608715 0.0002595485941855834 2
1782798148574 0.000250478 3
1782798690348 0.000241304 4
1782799228743 0.00023213000000000002 5
1782799764579 0.00022295599999999998 6
1782800299770 0.00021378199999999995 7
1782800842138 0.000204608 8
1782801380835 0.00019543399999999997 9
1782801916666 0.00018626 10
1782802454711 0.000177086 11
1782802994199 0.000167912 12
1782803530418 0.00015873799999999998 13
1782804083698 0.000149564 14
1782804641088 0.00014039 15
1782805188494 0.000131216 16
1782805734565 0.000122042 17
1782806282266 0.000112868 18
1782806828853 0.00010369400000000001 19
1782807336747 9.452e-05 20
1782807850154 8.5346e-05 21
1782808361382 7.617200000000002e-05 22
1782808871043 6.699799999999998e-05 23
1782809379892 5.782399999999999e-05 24
1782809886478 4.864999999999998e-05 25
1782810396052 3.947599999999999e-05 26
1782810904597 3.030199999999999e-05 27
1782811413629 2.1127999999999995e-05 28
1782811924977 1.1953999999999998e-05 29
