1782796521746 0.39797 0
1782797080056 0.50166 1
1782797636436 0.58332 2
1782798176050 0.64265 3
1782798717426 0.65839 4
1782799255157 0.66957 5
1782799790361 0.71258 6
1782800326760 0.73713 7
1782800869101 0.723 8
1782801407043 0.73407 9
1782801943205 0.74504 10
1782802481599 0.74862 11
1782803020287 0.73766 12
1782803556247 0.74843 13
1782804112167 0.76558 14
1782804668951 0.75282 15
1782805215971 0.76323 16
1782805761556 0.77085 17
1782806309933 0.76412 18
1782806856140 0.76678 19
1782807364256 0.77149 20
1782807877962 0.76466 21
1782808388829 0.77068 22
1782808897765 0.76759 23
1782809407361 0.76041 24
1782809914257 0.76233 25
1782810423868 0.76971 26
1782810932335 0.77395 27
1782811440295 0.77136 28
1782811952740 0.77224 29
1782811992286 0.7742097315820602 30
