1782796521746 0.29849 0
1782797080056 0.37173 1
1782797636436 0.43727 2
1782798176050 0.49301 3
1782798717426 0.50092 4
1782799255157 0.51811 5
1782799790361 0.54461 6
1782800326760 0.57107 7
1782800869101 0.55935 8
1782801407043 0.56749 9
1782801943205 0.5771 10
1782802481599 0.58523 11
1782803020287 0.57719 12
1782803556247 0.58501 13
1782804112167 0.59235 14
1782804668951 0.59088 15
1782805215971 0.59412 16
1782805761556 0.60632 17
1782806309933 0.59507 18
1782806856140 0.60041 19
1782807364256 0.60572 20
1782807877962 0.60114 21
1782808388829 0.60245 22
1782808897765 0.60433 23
1782809407361 0.60243 24
1782809914257 0.59996 25
1782810423868 0.60629 26
1782810932335 0.61176 27
1782811440295 0.6091 28
1782811952740 0.60925 29
1782811992286 0.6115405565830278 30
