1782796521746 0.61345 0
1782797080056 0.67748 1
1782797636436 0.53314 2
1782798176050 0.61305 3
1782798717426 0.61571 4
1782799255157 0.70946 5
1782799790361 0.73992 6
1782800326760 0.6805 7
1782800869101 0.68992 8
1782801407043 0.66252 9
1782801943205 0.73485 10
1782802481599 0.7173 11
1782803020287 0.71488 12
1782803556247 0.69876 13
1782804112167 0.73683 14
1782804668951 0.73622 15
1782805215971 0.72879 16
1782805761556 0.69864 17
1782806309933 0.71108 18
1782806856140 0.70346 19
1782807364256 0.72386 20
1782807877962 0.69931 21
1782808388829 0.72373 22
1782808897765 0.71628 23
1782809407361 0.70859 24
1782809914257 0.73205 25
1782810423868 0.72388 26
1782810932335 0.72085 27
1782811440295 0.71821 28
1782811952740 0.72619 29
1782811992286 0.7205370087605742 30
