1782796521746 0.38837 0
1782797080056 0.48744 1
1782797636436 0.594 2
1782798176050 0.63492 3
1782798717426 0.65632 4
1782799255157 0.65037 5
1782799790361 0.6746 6
1782800326760 0.7091 7
1782800869101 0.6963 8
1782801407043 0.73775 9
1782801943205 0.7016 10
1782802481599 0.7119 11
1782803020287 0.72408 12
1782803556247 0.73214 13
1782804112167 0.73078 14
1782804668951 0.69566 15
1782805215971 0.75722 16
1782805761556 0.77358 17
1782806309933 0.75211 18
1782806856140 0.74394 19
1782807364256 0.75991 20
1782807877962 0.76426 21
1782808388829 0.76456 22
1782808897765 0.76813 23
1782809407361 0.77037 24
1782809914257 0.7584 25
1782810423868 0.75988 26
1782810932335 0.76038 27
1782811440295 0.7765 28
1782811952740 0.77354 29
1782811992286 0.7593318383732346 30
