11 0.48974609375 0.7776692708333334 0.0810546875 0.16341145833333334
11 0.260498046875 0.68359375 0.05419921875 0.12630208333333334
11 0.040771484375 0.7184244791666666 0.06982421875 0.13997395833333334
11 0.39404296875 0.5592447916666666 0.087890625 0.3424479166666667
11 0.1220703125 0.6868489583333334 0.03515625 0.06510416666666667
11 0.455810546875 0.5758463541666666 0.05126953125 0.14778645833333334
11 0.960693359375 0.6595052083333334 0.07373046875 0.07552083333333333
11 0.941162109375 0.5013020833333334 0.07275390625 0.2526041666666667
11 0.65673828125 0.6285807291666666 0.0634765625 0.16471354166666666
11 0.579345703125 0.6103515625 0.10498046875 0.18424479166666666
11 0.694580078125 0.248046875 0.07568359375 0.06640625
11 0.326416015625 0.6285807291666666 0.09423828125 0.21028645833333334