11 0.51611328125 0.6798534798534799 0.0478515625 0.09963369963369964
11 0.5693359375 0.3597069597069597 0.107421875 0.27985347985347986
11 0.29541015625 0.6512820512820513 0.080078125 0.17435897435897435
11 0.114501953125 0.4728937728937729 0.10205078125 0.18168498168498168
11 0.254638671875 0.4633699633699634 0.16357421875 0.13846153846153847
11 0.524169921875 0.5699633699633699 0.05908203125 0.10842490842490843
11 0.625732421875 0.5146520146520146 0.07177734375 0.1728937728937729
11 0.6298828125 0.3619047619047619 0.08349609375 0.11282051282051282
11 0.720947265625 0.3454212454212454 0.07666015625 0.19267399267399268
11 0.837646484375 0.6278388278388278 0.078125 0.21245421245421245
11 0.819091796875 0.4128205128205128 0.078125 0.21831501831501832
11 0.775634765625 0.5582417582417583 0.08203125 0.2402930402930403
11 0.166259765625 0.6985347985347985 0.05126953125 0.08644688644688645