11 0.81787109375 0.6963369963369963 0.06689453125 0.13186813186813187
11 0.13134765625 0.47435897435897434 0.08544921875 0.13553113553113552
11 0.02294921875 0.5311355311355311 0.0458984375 0.31794871794871793
11 0.271240234375 0.4256410256410256 0.06494140625 0.31648351648351647
11 0.363525390625 0.3641025641025641 0.060546875 0.2717948717948718
11 0.51171875 0.45384615384615384 0.07568359375 0.13333333333333333
11 0.5869140625 0.5956043956043956 0.06201171875 0.3194139194139194
11 0.43408203125 0.5853479853479854 0.0458984375 0.06886446886446887
11 0.183349609375 0.22673992673992674 0.0751953125 0.08351648351648351
11 0.6767578125 0.6827838827838828 0.0791015625 0.16703296703296702
11 0.97216796875 0.5721611721611721 0.05419921875 0.08644688644688645