11 0.080322265625 0.4315018315018315 0.11962890625 0.29743589743589743
11 0.204345703125 0.3838827838827839 0.07177734375 0.20659340659340658
11 0.13671875 0.7842490842490842 0.1904296875 0.3274725274725275
11 0.378662109375 0.8274725274725274 0.12841796875 0.3274725274725275
11 0.529052734375 0.3252747252747253 0.09228515625 0.26666666666666666
11 0.693359375 0.1446886446886447 0.1171875 0.2893772893772894
11 0.64599609375 0.5131868131868131 0.1005859375 0.2293040293040293
11 0.799072265625 0.44175824175824174 0.11865234375 0.32673992673992674
11 0.44873046875 0.4358974358974359 0.08984375 0.252014652014652
11 0.43359375 0.5974358974358974 0.1533203125 0.12967032967032968
11 0.27978515625 0.6318681318681318 0.083984375 0.10622710622710622
11 0.22705078125 0.5527472527472528 0.1337890625 0.10329670329670329
11 0.675048828125 0.43113553113553116 0.15771484375 0.1706959706959707