11 0.83447265625 0.6194139194139194 0.07958984375 0.1457875457875458
11 0.13330078125 0.5611721611721612 0.0986328125 0.15384615384615385
11 0.03564453125 0.6428571428571429 0.0712890625 0.32454212454212455
11 0.266357421875 0.48021978021978023 0.09716796875 0.3274725274725275
11 0.35107421875 0.3978021978021978 0.08837890625 0.2827838827838828
11 0.5068359375 0.45164835164835165 0.0888671875 0.14945054945054945
11 0.595703125 0.573992673992674 0.0947265625 0.32967032967032966
11 0.44384765625 0.5996336996336996 0.052734375 0.07912087912087912
11 0.15869140625 0.30439560439560437 0.0830078125 0.10036630036630037
11 0.693603515625 0.6391941391941391 0.095703125 0.1838827838827839
11 0.97119140625 0.46007326007326005 0.0576171875 0.09816849816849817