11 0.51171875 0.6805860805860806 0.0458984375 0.09816849816849817
11 0.572509765625 0.36336996336996336 0.1015625 0.2761904761904762
11 0.2919921875 0.6402930402930402 0.076171875 0.1706959706959707
11 0.115234375 0.45274725274725275 0.0986328125 0.1772893772893773
11 0.255615234375 0.4501831501831502 0.1611328125 0.1304029304029304
11 0.522705078125 0.571062271062271 0.056640625 0.10622710622710622
11 0.625244140625 0.5212454212454213 0.06787109375 0.16996336996336997
11 0.6328125 0.3688644688644689 0.0810546875 0.10915750915750916
11 0.724365234375 0.35714285714285715 0.072265625 0.19047619047619047
11 0.83447265625 0.6454212454212455 0.07373046875 0.21025641025641026
11 0.821044921875 0.42967032967032964 0.07373046875 0.2153846153846154
11 0.774169921875 0.5725274725274725 0.0771484375 0.23809523809523808
11 0.161865234375 0.680952380952381 0.04931640625 0.08424908424908426