11 0.078369140625 0.5307692307692308 0.14892578125 0.32161172161172163
11 0.19580078125 0.4545787545787546 0.09228515625 0.22124542124542124
11 0.170654296875 0.8406593406593407 0.22216796875 0.31868131868131866
11 0.4140625 0.8373626373626374 0.1611328125 0.3252747252747253
11 0.510498046875 0.32051282051282054 0.119140625 0.28498168498168497
11 0.654052734375 0.13003663003663005 0.14599609375 0.2600732600732601
11 0.6455078125 0.4787545787545788 0.123046875 0.24981684981684982
11 0.789306640625 0.37216117216117217 0.1513671875 0.3509157509157509
11 0.442626953125 0.44871794871794873 0.115234375 0.2703296703296703
11 0.444580078125 0.6117216117216118 0.1650390625 0.1641025641025641
11 0.296142578125 0.6820512820512821 0.09423828125 0.12454212454212454
11 0.23583984375 0.6161172161172161 0.14306640625 0.13333333333333333
11 0.665771484375 0.39084249084249084 0.17333984375 0.20586080586080585