11 0.443115234375 0.767578125 0.1064453125 0.18359375
11 0.235595703125 0.6070963541666666 0.07421875 0.13932291666666666
11 0.03076171875 0.5748697916666666 0.0615234375 0.15755208333333334
11 0.38671875 0.5260416666666666 0.1435546875 0.3600260416666667
11 0.100341796875 0.5686848958333334 0.04541015625 0.07421875
11 0.444091796875 0.560546875 0.07470703125 0.15950520833333334
11 0.921875 0.7936197916666666 0.08447265625 0.095703125
11 0.9296875 0.6334635416666666 0.11328125 0.2682291666666667
11 0.631103515625 0.6722005208333334 0.08984375 0.1796875
11 0.55859375 0.6311848958333334 0.13330078125 0.2109375
11 0.732177734375 0.3128255208333333 0.0849609375 0.08723958333333333
11 0.30908203125 0.5732421875 0.12744140625 0.23307291666666666