11 0.835693359375 0.6106227106227107 0.0810546875 0.14725274725274726
11 0.134033203125 0.5706959706959707 0.099609375 0.15604395604395604
11 0.037353515625 0.654945054945055 0.07470703125 0.3252747252747253
11 0.26611328125 0.48644688644688644 0.1005859375 0.32893772893772893
11 0.349853515625 0.40183150183150185 0.09130859375 0.2835164835164835
11 0.506103515625 0.45164835164835165 0.08984375 0.1509157509157509
11 0.5966796875 0.5714285714285714 0.09814453125 0.3304029304029304
11 0.445068359375 0.6010989010989011 0.05322265625 0.07985347985347985
11 0.156494140625 0.31355311355311355 0.08349609375 0.10183150183150183
11 0.6953125 0.634065934065934 0.09716796875 0.18534798534798536
11 0.970703125 0.447985347985348 0.05859375 0.0989010989010989