11 0.0947265625 0.3230769230769231 0.15234375 0.3238095238095238
11 0.22216796875 0.3087912087912088 0.0947265625 0.22197802197802197
11 0.111083984375 0.684981684981685 0.22216796875 0.37216117216117217
11 0.342529296875 0.7908424908424908 0.16455078125 0.35604395604395606
11 0.548828125 0.3355311355311355 0.12158203125 0.28644688644688643
11 0.7314453125 0.20036630036630038 0.14892578125 0.31575091575091574
11 0.642333984375 0.550915750915751 0.12548828125 0.252014652014652
11 0.80126953125 0.5205128205128206 0.15478515625 0.3523809523809524
11 0.45703125 0.42344322344322344 0.11767578125 0.2717948717948718
11 0.42333984375 0.5787545787545788 0.166015625 0.16776556776556775
11 0.267822265625 0.5725274725274725 0.09521484375 0.12673992673992673
11 0.22509765625 0.48095238095238096 0.1435546875 0.13626373626373625
11 0.680419921875 0.4776556776556777 0.17529296875 0.20952380952380953