11 0.50341796875 0.6813186813186813 0.04150390625 0.09377289377289377
11 0.57861328125 0.37142857142857144 0.08935546875 0.2673992673992674
11 0.285888671875 0.6183150183150183 0.06884765625 0.1641025641025641
11 0.118408203125 0.41245421245421243 0.0908203125 0.1684981684981685
11 0.258544921875 0.4249084249084249 0.15625 0.11428571428571428
11 0.519287109375 0.5732600732600732 0.05224609375 0.1010989010989011
11 0.6240234375 0.5344322344322344 0.060546875 0.1641025641025641
11 0.638671875 0.3831501831501832 0.07666015625 0.1010989010989011
11 0.73046875 0.38095238095238093 0.06396484375 0.1838827838827839
11 0.826904296875 0.6802197802197802 0.064453125 0.20366300366300366
11 0.823486328125 0.4633699633699634 0.06396484375 0.20952380952380953
11 0.77001953125 0.6010989010989011 0.06640625 0.2315018315018315
11 0.154296875 0.6450549450549451 0.0458984375 0.07985347985347985