11 0.526123046875 0.7757161458333334 0.10107421875 0.1796875
11 0.2880859375 0.736328125 0.06982421875 0.13671875
11 0.076171875 0.8212890625 0.0869140625 0.154296875
11 0.4033203125 0.5830078125 0.13134765625 0.357421875
11 0.152099609375 0.771484375 0.04296875 0.072265625
11 0.46630859375 0.5849609375 0.06982421875 0.15755208333333334
11 0.966552734375 0.5501302083333334 0.06689453125 0.09114583333333333
11 0.9345703125 0.3990885416666667 0.1044921875 0.265625
11 0.671142578125 0.5904947916666666 0.083984375 0.17708333333333334
11 0.592529296875 0.5901692708333334 0.12744140625 0.20572916666666666
11 0.65869140625 0.20670572916666666 0.0830078125 0.08268229166666667
11 0.345703125 0.6666666666666666 0.1201171875 0.22916666666666666