9 0.599703125 0.6679999999999999 0.22128125 0.6169444444444443
9 0.9292421875000001 0.52825 0.1415156249999999 0.46444444444444444
9 0.8176718749999999 0.3728611111111111 0.1396640625 0.46076388888888886
9 0.7099765625 0.3434861111111111 0.17424218749999998 0.5512638888888889
9 0.48901562500000006 0.3216388888888889 0.1251015625000001 0.43613888888888885
9 0.3480625 0.4892222222222222 0.08780468749999999 0.39138888888888884
9 0.46624218749999996 0.6573472222222222 0.06349218749999999 0.24163888888888885
9 0.4144609375 0.5711666666666667 0.09562500000000003 0.5806805555555554
9 0.31413281249999997 0.6056388888888888 0.10325781249999996 0.3890694444444444
9 0.22596875 0.43930555555555556 0.08318750000000001 0.22304166666666672
9 0.277859375 0.5398472222222223 0.07759375000000004 0.2702916666666667