9 0.59453125 0.6770833333333334 0.2390625 0.6361111111111111
9 0.925 0.5673611111111111 0.15 0.47638888888888886
9 0.82109375 0.4027777777777778 0.153125 0.4736111111111111
9 0.714453125 0.36319444444444443 0.18984375 0.5666666666666667
9 0.494140625 0.32083333333333336 0.1375 0.44722222222222224
9 0.3484375 0.475 0.09921875 0.39861111111111114
9 0.46171875 0.6541666666666667 0.0703125 0.24722222222222223
9 0.4125 0.5631944444444444 0.1125 0.5888888888888889
9 0.311328125 0.5881944444444445 0.11484375 0.39861111111111114
9 0.228125 0.41388888888888886 0.08984375 0.23055555555555557
9 0.276953125 0.5194444444444445 0.08515625 0.2777777777777778