9 0.607421875 0.6520833333333333 0.25078125 0.6486111111111111
9 0.9234375 0.4618055555555556 0.153125 0.4847222222222222
9 0.81015625 0.32430555555555557 0.16171875 0.48055555555555557
9 0.7015625 0.31180555555555556 0.20078125 0.5763888888888888
9 0.48046875 0.32430555555555557 0.14609375 0.45416666666666666
9 0.348046875 0.5125 0.10703125 0.4041666666666667
9 0.47421875 0.6618055555555555 0.075 0.25
9 0.418359375 0.5840277777777778 0.1234375 0.5930555555555556
9 0.319921875 0.6340277777777777 0.121875 0.4041666666666667
9 0.22421875 0.48194444444444445 0.09375 0.23472222222222222
9 0.28046875 0.5743055555555555 0.090625 0.28194444444444444