9 0.11165364583333333 0.46337890625 0.15625 0.17626953125
9 0.2516276041666667 0.42431640625 0.09049479166666667 0.09326171875
9 0.4453125 0.40380859375 0.06380208333333333 0.0625
9 0.5520833333333334 0.4541015625 0.23763020833333334 0.287109375
9 0.22688802083333334 0.586669921875 0.11783854166666667 0.1279296875
9 0.0419921875 0.6455078125 0.083984375 0.0869140625
9 0.6038411458333334 0.717529296875 0.259765625 0.21826171875
9 0.4850260416666667 0.771240234375 0.06575520833333333 0.0625
9 0.22688802083333334 0.854248046875 0.12760416666666666 0.0771484375
9 0.251953125 1.009765625 0.10611979166666667 0.0615234375
9 0.5947265625 0.2421875 0.13932291666666666 0.095703125