9 0.09993489583333333 0.474853515625 0.15950520833333334 0.17822265625
9 0.23893229166666666 0.433837890625 0.09244791666666667 0.09423828125
9 0.4322916666666667 0.410888671875 0.06510416666666667 0.06298828125
9 0.5397135416666666 0.459716796875 0.24348958333333334 0.28955078125
9 0.2177734375 0.596435546875 0.12044270833333333 0.12890625
9 0.038736979166666664 0.658203125 0.07747395833333333 0.087890625
9 0.5979817708333334 0.722412109375 0.263671875 0.22119140625
9 0.4801432291666667 0.77783203125 0.06705729166666667 0.0634765625
9 0.22428385416666666 0.8642578125 0.12890625 0.07861328125
9 0.2529296875 1.01904296875 0.10677083333333333 0.0625
9 0.5777994791666666 0.247314453125 0.14127604166666666 0.09716796875