9 0.8815104166666666 0.47216796875 0.14908854166666666 0.14013671875
9 0.7369791666666666 0.228515625 0.15559895833333334 0.12353515625
9 0.5703125 0.17138671875 0.142578125 0.19677734375
9 0.7141927083333334 0.62255859375 0.10416666666666667 0.1015625
9 0.298828125 0.3330078125 0.16145833333333334 0.13623046875
9 0.53125 0.45654296875 0.181640625 0.203125
9 0.12369791666666667 0.861328125 0.07877604166666667 0.12158203125
9 0.2838541666666667 0.158203125 0.11848958333333333 0.07275390625
9 0.20052083333333334 0.95361328125 0.10091145833333333 0.09228515625
9 0.9700520833333334 0.41162109375 0.059895833333333336 0.07568359375
9 0.703125 0.359375 0.115234375 0.05908203125
9 0.4661458333333333 0.44873046875 0.036458333333333336 0.03369140625