9 0.16145833333333334 0.41943359375 0.140625 0.16943359375
9 0.3046875 0.3876953125 0.08268229166666667 0.08935546875
9 0.5 0.37744140625 0.05859375 0.0595703125
9 0.6015625 0.43310546875 0.21223958333333334 0.27685546875
9 0.2649739583333333 0.54833984375 0.10677083333333333 0.12255859375
9 0.07356770833333333 0.59765625 0.080078125 0.0830078125
9 0.62890625 0.69873046875 0.24088541666666666 0.2060546875
9 0.5052083333333334 0.74609375 0.060546875 0.0595703125
9 0.240234375 0.8154296875 0.12109375 0.07080078125
9 0.2506510416666667 0.9716796875 0.10091145833333333 0.05615234375
9 0.6640625 0.22412109375 0.13151041666666666 0.0888671875