9 0.4619140625 0.5556640625 0.25 0.32177734375
9 0.12174479166666667 0.15087890625 0.212890625 0.1904296875
9 0.7213541666666666 0.19287109375 0.140625 0.08837890625
9 0.341796875 0.127685546875 0.14322916666666666 0.173828125
9 0.7991536458333334 0.39794921875 0.11848958333333333 0.10009765625
9 0.9381510416666666 0.670654296875 0.0546875 0.1279296875
9 0.7545572916666666 0.55908203125 0.126953125 0.20556640625
9 0.6526692708333334 0.3369140625 0.061848958333333336 0.03955078125
9 0.19173177083333334 0.3330078125 0.087890625 0.095703125
9 0.3483072916666667 0.398681640625 0.18489583333333334 0.1201171875
9 0.3313802083333333 0.540283203125 0.078125 0.09326171875