9 0.3336588541666667 0.85693359375 0.14453125 0.14501953125
9 1.0309244791666667 0.10791015625 0.11067708333333333 0.12744140625
9 0.4430338541666667 0.5859375 0.115234375 0.169921875
9 0.5319010416666666 0.73876953125 0.09635416666666667 0.11962890625
9 0.759765625 0.48974609375 0.154296875 0.1943359375
9 0.6712239583333334 0.1845703125 0.21809895833333334 0.31640625
9 0.248046875 0.179443359375 0.30078125 0.35888671875
9 0.3668619791666667 0.32861328125 0.189453125 0.2998046875
9 1.0218098958333333 0.63232421875 0.08723958333333333 0.12451171875
9 0.9817708333333334 0.85302734375 0.10416666666666667 0.1796875
9 0.8636067708333334 0.620849609375 0.08723958333333333 0.04931640625
9 0.4739583333333333 0.107421875 0.29296875 0.21484375
9 0.7158203125 0.013671875 0.061848958333333336 0.02734375
9 0.076171875 0.581787109375 0.06315104166666667 0.16015625