9 0.3190104166666667 0.91650390625 0.12369791666666667 0.134765625
9 0.8893229166666666 0.109375 0.091796875 0.1201171875
9 0.3834635416666667 0.6376953125 0.08919270833333333 0.1630859375
9 0.4967447916666667 0.78125 0.07877604166666667 0.11328125
9 0.6822916666666666 0.51318359375 0.125 0.18408203125
9 0.544921875 0.21826171875 0.169921875 0.30322265625
9 0.1171875 0.21142578125 0.23372395833333334 0.4228515625
9 0.2662760416666667 0.38916015625 0.14322916666666666 0.2890625
9 0.9654947916666666 0.630859375 0.068359375 0.119140625
9 0.9615885416666666 0.853515625 0.076171875 0.173828125
9 0.806640625 0.6337890625 0.08072916666666667 0.04248046875
9 0.3359375 0.154296875 0.26171875 0.20361328125
9 0.5592447916666666 0.0322265625 0.0546875 0.04736328125
9 0.018880208333333332 0.6669921875 0.037760416666666664 0.15771484375