9 0.5234375 0.517578125 0.20833333333333334 0.30712890625
9 0.24153645833333334 0.08837890625 0.189453125 0.1767578125
9 0.83203125 0.17724609375 0.13020833333333334 0.07861328125
9 0.4635416666666667 0.08251953125 0.12109375 0.1650390625
9 0.880859375 0.38720703125 0.10611979166666667 0.09228515625
9 0.9811197916666666 0.66943359375 0.037109375 0.12548828125
9 0.051432291666666664 0.18798828125 0.10286458333333333 0.05029296875
9 0.8138020833333334 0.5439453125 0.099609375 0.19873046875
9 0.7434895833333334 0.31494140625 0.057291666666666664 0.03515625
9 0.2858072916666667 0.27490234375 0.07552083333333333 0.09033203125
9 0.4322916666666667 0.3525390625 0.17057291666666666 0.107421875
9 0.3958333333333333 0.4921875 0.06640625 0.08837890625