9 0.3889973958333333 0.613525390625 0.3014322916666667 0.3359375
9 0.048502604166666664 0.248046875 0.09700520833333333 0.2060546875
9 0.5784505208333334 0.227294921875 0.15169270833333334 0.10009765625
9 0.1904296875 0.2021484375 0.17057291666666666 0.18212890625
9 0.6936848958333334 0.422119140625 0.1328125 0.10888671875
9 0.8818359375 0.677734375 0.076171875 0.12841796875
9 0.6790364583333334 0.58642578125 0.16080729166666666 0.2109375
9 0.537109375 0.376953125 0.06705729166666667 0.04443359375
9 0.080078125 0.421142578125 0.10221354166666667 0.1015625
9 0.2470703125 0.4697265625 0.19986979166666666 0.13525390625
9 0.2568359375 0.612060546875 0.09309895833333333 0.09765625