9 0.9524739583333334 0.467529296875 0.16796875 0.15087890625
9 0.8424479166666666 0.2138671875 0.171875 0.13525390625
9 0.6848958333333334 0.14404296875 0.16927083333333334 0.20703125
9 0.7649739583333334 0.60400390625 0.11783854166666667 0.109375
9 0.3922526041666667 0.283447265625 0.1796875 0.14794921875
9 0.6061197916666666 0.424560546875 0.208984375 0.21630859375
9 0.14453125 0.795166015625 0.09505208333333333 0.126953125
9 0.4016927083333333 0.1083984375 0.12825520833333334 0.08154296875
9 0.2080078125 0.892822265625 0.11328125 0.099609375
9 1.048828125 0.414306640625 0.0703125 0.080078125
9 0.7906901041666666 0.34130859375 0.123046875 0.06787109375
9 0.5426432291666666 0.41162109375 0.041015625 0.0361328125