9 0.5218098958333334 0.804931640625 0.349609375 0.326171875
9 0.22493489583333334 0.520263671875 0.326171875 0.40234375
9 0.5865885416666666 0.1806640625 0.208984375 0.1318359375
9 0.7054036458333334 0.439697265625 0.10872395833333333 0.09228515625
9 0.7708333333333334 0.863525390625 0.3177083333333333 0.18701171875
9 0.3616536458333333 0.378173828125 0.25390625 0.27392578125
9 0.6839192708333334 0.331298828125 0.16471354166666666 0.10009765625
9 0.923828125 0.8466796875 0.10546875 0.11767578125
9 0.5625 0.29736328125 0.061197916666666664 0.0263671875
9 0.5286458333333334 0.4150390625 0.15169270833333334 0.13427734375
9 0.09147135416666667 0.678466796875 0.06380208333333333 0.0673828125