9 0.6119791666666666 0.064453125 0.15169270833333334 0.1142578125
9 0.912109375 0.779541015625 0.2923177083333333 0.42138671875
9 0.7574869791666666 0.08544921875 0.21940104166666666 0.1708984375
9 0.4251302083333333 0.076904296875 0.15885416666666666 0.1279296875
9 0.7805989583333334 0.253173828125 0.15234375 0.08740234375
9 1.0087890625 0.179443359375 0.13736979166666666 0.07373046875
9 0.47265625 0.302734375 0.3795572916666667 0.3798828125
9 0.6022135416666666 0.212158203125 0.09375 0.1103515625
9 0.6643880208333334 0.376953125 0.21484375 0.17041015625
9 0.7662760416666666 0.524169921875 0.2578125 0.15625
9 1.0738932291666667 0.3251953125 0.19596354166666666 0.16796875