9 0.38671875 0.13330078125 0.12890625 0.09765625
9 0.86328125 0.79248046875 0.19401041666666666 0.40087890625
9 0.5279947916666666 0.107421875 0.17122395833333334 0.20263671875
9 0.20638020833333334 0.17236328125 0.1328125 0.11083984375
9 0.6002604166666666 0.29443359375 0.13736979166666666 0.06884765625
9 0.8053385416666666 0.189453125 0.125 0.05712890625
9 0.310546875 0.38720703125 0.2975260416666667 0.34375
9 0.4147135416666667 0.27978515625 0.06901041666666667 0.1025390625
9 0.517578125 0.4326171875 0.18098958333333334 0.14697265625
9 0.6549479166666666 0.5625 0.22981770833333334 0.12548828125
9 0.90625 0.3232421875 0.16145833333333334 0.1474609375