9 0.17252604166666666 0.62109375 0.19270833333333334 0.2578125
9 0.22916666666666666 0.13134765625 0.16666666666666666 0.142578125
9 0.4635416666666667 0.12841796875 0.10611979166666667 0.17236328125
9 0.357421875 0.73828125 0.07161458333333333 0.1435546875
9 0.3209635416666667 0.50634765625 0.059244791666666664 0.09716796875
9 0.56640625 0.20263671875 0.13541666666666666 0.20703125
9 0.3372395833333333 0.2646484375 0.12630208333333334 0.1865234375
9 0.595703125 0.57958984375 0.171875 0.2587890625
9 0.876953125 0.2724609375 0.16796875 0.0859375
9 0.4752604166666667 0.892578125 0.056640625 0.04248046875
9 0.5520833333333334 0.4404296875 0.07552083333333333 0.04736328125
9 0.5846354166666666 0.0185546875 0.07421875 0.03662109375
9 0.3326822916666667 0.462890625 0.06510416666666667 0.05908203125
9 0.026041666666666668 0.6435546875 0.052083333333333336 0.068359375
9 0.9895833333333334 0.69677734375 0.020182291666666668 0.041015625
9 0.0078125 0.30712890625 0.015625 0.06640625
9 0.22526041666666666 0.423828125 0.09505208333333333 0.0703125
9 0.4075520833333333 0.31787109375 0.13020833333333334 0.17333984375