9 0.6949869791666666 0.951171875 0.11783854166666667 0.103515625
9 0.63671875 0.883056640625 0.103515625 0.09765625
9 0.6380208333333334 0.05908203125 0.12109375 0.06787109375
9 0.10221354166666667 0.974609375 0.20442708333333334 0.3740234375
9 0.026041666666666668 0.6865234375 0.052083333333333336 0.212890625
9 0.3492838541666667 0.45166015625 0.251953125 0.25244140625
9 0.2884114583333333 0.131591796875 0.051432291666666664 0.05517578125
9 0.537109375 0.550537109375 0.1640625 0.1416015625
9 0.5738932291666666 0.7158203125 0.2526041666666667 0.23779296875
9 0.3893229166666667 0.8388671875 0.208984375 0.31201171875
9 0.23665364583333334 0.555419921875 0.23502604166666666 0.17333984375
9 0.7373046875 0.660888671875 0.049479166666666664 0.05029296875
9 0.12565104166666666 0.407470703125 0.21744791666666666 0.12255859375
9 0.15657552083333334 0.255859375 0.09309895833333333 0.10791015625