9 0.548828125 0.079833984375 0.14583333333333334 0.1103515625
9 0.8984375 0.782470703125 0.2662760416666667 0.4169921875
9 0.693359375 0.089111328125 0.20703125 0.17822265625
9 0.3629557291666667 0.099853515625 0.15234375 0.12353515625
9 0.73046875 0.26171875 0.14908854166666666 0.08251953125
9 0.953125 0.17919921875 0.13411458333333334 0.06982421875
9 0.4264322916666667 0.323486328125 0.3587239583333333 0.37158203125
9 0.5494791666666666 0.22802734375 0.08723958333333333 0.10888671875
9 0.623046875 0.389892578125 0.20638020833333334 0.16455078125
9 0.7350260416666666 0.532958984375 0.2506510416666667 0.1484375
9 1.0283203125 0.322265625 0.1875 0.1630859375