9 0.2565104166666667 0.53125 0.244140625 0.27734375
9 0.4143880208333333 0.06689453125 0.19466145833333334 0.1337890625
9 0.646484375 0.0849609375 0.140625 0.169921875
9 0.4147135416666667 0.66845703125 0.10091145833333333 0.150390625
9 0.4270833333333333 0.435302734375 0.07877604166666667 0.10302734375
9 0.7327473958333334 0.1640625 0.17708333333333334 0.22021484375
9 0.4934895833333333 0.198486328125 0.16341145833333334 0.19921875
9 0.6832682291666666 0.539794921875 0.22395833333333334 0.27587890625
9 1.0250651041666667 0.26953125 0.18359375 0.1044921875
9 0.4990234375 0.834716796875 0.06510416666666667 0.048828125
9 0.6692708333333334 0.397216796875 0.08463541666666667 0.0556640625
9 0.4475911458333333 0.3935546875 0.07682291666666667 0.06591796875
9 0.10709635416666667 0.5361328125 0.06575520833333333 0.07373046875
9 1.0478515625 0.70166015625 0.028645833333333332 0.04296875
9 0.15950520833333334 0.20166015625 0.029296875 0.0673828125
9 0.3499348958333333 0.342529296875 0.10872395833333333 0.08056640625
9 0.5520833333333334 0.25927734375 0.16471354166666666 0.1865234375