9 0.24641927083333334 0.54052734375 0.23893229166666666 0.275390625
9 0.3932291666666667 0.0703125 0.19140625 0.140625
9 0.6259765625 0.0869140625 0.13736979166666666 0.173828125
9 0.4075520833333333 0.676025390625 0.09765625 0.1494140625
9 0.4147135416666667 0.4423828125 0.07682291666666667 0.1025390625
9 0.7138671875 0.167236328125 0.17252604166666666 0.21923828125
9 0.4755859375 0.204833984375 0.15950520833333334 0.19775390625
9 0.6731770833333334 0.543701171875 0.21809895833333334 0.2744140625
9 1.0084635416666667 0.268798828125 0.18229166666666666 0.1025390625
9 0.4957682291666667 0.841064453125 0.06380208333333333 0.0478515625
9 0.6555989583333334 0.4013671875 0.08333333333333333 0.0546875
9 0.7659505208333334 0.00439453125 0.080078125 0.0087890625
9 0.4342447916666667 0.400634765625 0.07552083333333333 0.0654296875
9 0.09700520833333333 0.547607421875 0.064453125 0.0732421875
9 1.0413411458333333 0.700927734375 0.02734375 0.04248046875
9 0.1416015625 0.212646484375 0.027994791666666668 0.0673828125
9 0.3352864583333333 0.350830078125 0.107421875 0.07958984375
9 0.5354817708333334 0.264892578125 0.16080729166666666 0.18505859375