9 0.7115885416666666 0.90087890625 0.091796875 0.08935546875
9 0.6770833333333334 0.82421875 0.078125 0.0859375
9 0.9440104166666666 0.02490234375 0.10807291666666667 0.0498046875
9 0.115234375 0.8134765625 0.11848958333333333 0.36328125
9 0.07421875 0.5087890625 0.14583333333333334 0.1923828125
9 0.537109375 0.353515625 0.18489583333333334 0.2255859375
9 0.5813802083333334 0.03173828125 0.036458333333333336 0.0498046875
9 0.6875 0.4833984375 0.12890625 0.12158203125
9 0.669921875 0.650390625 0.19075520833333334 0.20947265625
9 0.451171875 0.736328125 0.11588541666666667 0.2998046875
9 0.39453125 0.43359375 0.1953125 0.14208984375
9 0.8463541666666666 0.626953125 0.035807291666666664 0.044921875
9 0.3346354166666667 0.27001953125 0.19401041666666666 0.08984375
9 0.4134114583333333 0.12841796875 0.0625 0.099609375