9 0.5794270833333334 0.73779296875 0.275390625 0.28955078125
9 0.3678385416666667 0.4130859375 0.22721354166666666 0.375
9 0.8157552083333334 0.13720703125 0.18359375 0.10546875
9 0.8600260416666666 0.4091796875 0.08854166666666667 0.080078125
9 0.806640625 0.833984375 0.283203125 0.14599609375
9 0.541015625 0.29541015625 0.18880208333333334 0.25
9 0.869140625 0.2998046875 0.14583333333333334 0.0791015625
9 0.9609375 0.84130859375 0.07747395833333333 0.10791015625
9 0.759765625 0.24755859375 0.057291666666666664 0.01806640625
9 0.6940104166666666 0.357421875 0.12174479166666667 0.11767578125
9 0.193359375 0.546875 0.048177083333333336 0.06103515625