9 0.6956380208333334 0.947509765625 0.11653645833333333 0.1025390625
9 0.6389973958333334 0.878662109375 0.10221354166666667 0.0966796875
9 0.6595052083333334 0.0546875 0.12044270833333333 0.06689453125
9 0.10026041666666667 0.962890625 0.20052083333333334 0.3740234375
9 0.0283203125 0.6728515625 0.056640625 0.2119140625
9 0.3616536458333333 0.443603515625 0.248046875 0.2509765625
9 0.3082682291666667 0.12255859375 0.05078125 0.0546875
9 0.546875 0.544921875 0.162109375 0.14013671875
9 0.580078125 0.71044921875 0.24869791666666666 0.236328125
9 0.392578125 0.8310546875 0.203125 0.3115234375
9 0.24674479166666666 0.545654296875 0.23307291666666666 0.17138671875
9 0.7447916666666666 0.657958984375 0.048177083333333336 0.0498046875
9 0.13932291666666666 0.396484375 0.21614583333333334 0.1201171875
9 0.17350260416666666 0.2451171875 0.09049479166666667 0.107421875