9 0.8932291666666666 0.470947265625 0.15234375 0.14208984375
9 0.7545572916666666 0.2255859375 0.158203125 0.12548828125
9 0.5891927083333334 0.166259765625 0.14713541666666666 0.19873046875
9 0.7223307291666666 0.619140625 0.10677083333333333 0.10302734375
9 0.3138020833333333 0.32421875 0.16471354166666666 0.13818359375
9 0.5432942708333334 0.45068359375 0.18619791666666666 0.20556640625
9 0.12662760416666666 0.85009765625 0.08138020833333333 0.12255859375
9 0.3030598958333333 0.149169921875 0.12044270833333333 0.07421875
9 0.201171875 0.943359375 0.10286458333333333 0.09375
9 0.9830729166666666 0.41162109375 0.061848958333333336 0.07666015625
9 0.7174479166666666 0.35595703125 0.11653645833333333 0.060546875
9 0.478515625 0.442138671875 0.037109375 0.0341796875