9 0.6611328125 0.677001953125 0.35546875 0.32861328125
9 0.5524088541666666 0.32470703125 0.333984375 0.40380859375
9 1.0716145833333333 0.131591796875 0.21028645833333334 0.1337890625
9 1.033203125 0.404052734375 0.11002604166666667 0.0927734375
9 0.8538411458333334 0.80908203125 0.3196614583333333 0.18994140625
9 0.7565104166666666 0.239501953125 0.2591145833333333 0.275390625
9 1.0748697916666667 0.299072265625 0.166015625 0.1015625
9 1.001953125 0.842041015625 0.10807291666666667 0.1181640625
9 0.9840494791666666 0.229736328125 0.061197916666666664 0.02734375
9 0.8870442708333334 0.32568359375 0.15364583333333334 0.13525390625
9 0.3424479166666667 0.42578125 0.06510416666666667 0.0673828125