11 0.4018018018018018 0.1778846153846154 0.2126126126126126 0.3557692307692308
11 0.1783783783783784 0.45913461538461536 0.21081081081081082 0.4206730769230769
11 0.3027027027027027 0.6778846153846154 0.17117117117117117 0.33653846153846156
11 0.4261261261261261 0.6009615384615384 0.14414414414414414 0.2668269230769231
11 0.5414414414414415 0.6225961538461539 0.16216216216216217 0.33413461538461536
11 0.6666666666666666 0.17908653846153846 0.17657657657657658 0.3581730769230769
11 0.5882882882882883 0.3161057692307692 0.2 0.43990384615384615
11 0.8153153153153153 0.1141826923076923 0.15315315315315314 0.2283653846153846
11 0.8648648648648649 0.6790865384615384 0.13693693693693693 0.28846153846153844
11 0.4783783783783784 0.8401442307692307 0.08648648648648649 0.21153846153846154
11 0.6468468468468469 0.8149038461538461 0.13153153153153152 0.25
11 0.718018018018018 0.6358173076923077 0.14054054054054055 0.25961538461538464
11 0.04594594594594595 0.47716346153846156 0.0918918918918919 0.38221153846153844