11 0.42252252252252254 0.16947115384615385 0.2 0.3389423076923077
11 0.18288288288288287 0.421875 0.1963963963963964 0.40865384615384615
11 0.2918918918918919 0.6538461538461539 0.15855855855855855 0.3245192307692308
11 0.4198198198198198 0.5913461538461539 0.13333333333333333 0.25961538461538464
11 0.5333333333333333 0.6262019230769231 0.14954954954954955 0.3245192307692308
11 0.6882882882882883 0.19471153846153846 0.16396396396396395 0.3629807692307692
11 0.5990990990990991 0.3269230769230769 0.1837837837837838 0.42788461538461536
11 0.8414414414414414 0.1346153846153846 0.14414414414414414 0.2548076923076923
11 0.8522522522522522 0.7211538461538461 0.12612612612612611 0.28125
11 0.45585585585585586 0.8365384615384616 0.07927927927927927 0.20673076923076922
11 0.6252252252252253 0.8305288461538461 0.12252252252252252 0.24278846153846154
11 0.7081081081081081 0.6598557692307693 0.13153153153153152 0.25240384615384615
11 0.044144144144144144 0.421875 0.08828828828828829 0.37740384615384615