11 0.41899099099099096 0.16942307692307693 0.1947387387387387 0.33884615384615385
11 0.18163963963963964 0.4289423076923077 0.19046846846846843 0.40350961538461544
11 0.2936396396396396 0.6586538461538461 0.15506306306306306 0.32211538461538464
11 0.42081081081081084 0.5935336538461539 0.1307567567567568 0.2560336538461539
11 0.5353693693693694 0.6256009615384616 0.14609009009009016 0.3201442307692309
11 0.6844324324324325 0.18985576923076922 0.15866666666666657 0.35889423076923077
11 0.5972252252252251 0.32499999999999996 0.1785225225225226 0.4244951923076924
11 0.8362342342342343 0.1261298076923077 0.14091891891891897 0.2522596153846154
11 0.8547027027027028 0.7126442307692307 0.1232072072072072 0.27865384615384614
11 0.4602882882882883 0.8378605769230769 0.07612612612612618 0.2045913461538462
11 0.629945945945946 0.8278605769230769 0.11908108108108113 0.24064903846153848
11 0.7102702702702702 0.6555288461538461 0.1286306306306306 0.24855769230769226
11 0.04293693693693693 0.4339182692307692 0.08587387387387387 0.3742788461538462