11 0.9027473958333333 0.62595703125 0.19450520833333348 0.24702148437500004
11 0.4100260416666666 0.77134765625 0.20522135416666668 0.2895556640624999
11 0.7275455729166667 0.9200048828125 0.11705078124999997 0.11512207031249999
11 0.06266927083333333 0.3296923828125 0.10643880208333334 0.08144042968749998
11 0.4424869791666666 0.2688134765625 0.29515624999999995 0.19729980468749997
11 0.18649739583333333 0.4949462890625 0.23968749999999997 0.20912109375
11 0.030787760416666667 0.161220703125 0.061575520833333335 0.1195751953125
11 0.07194010416666667 0.030029296875 0.14388020833333334 0.06005859375
11 0.65478515625 0.5401708984375 0.06477864583333333 0.035561523437499964
11 0.6307421875 0.752783203125 0.047415364583333286 0.08313964843749999
11 0.966796875 0.0733740234375 0.06640625 0.146748046875