11 0.8935546875 0.6416015625 0.21158854166666666 0.25439453125
11 0.3912760416666667 0.767333984375 0.22526041666666666 0.29736328125
11 0.6979166666666666 0.928466796875 0.125 0.11962890625
11 0.0751953125 0.312744140625 0.11197916666666667 0.08544921875
11 0.4586588541666667 0.266845703125 0.30859375 0.20849609375
11 0.18717447916666666 0.482666015625 0.25390625 0.21826171875
11 0.055013020833333336 0.143310546875 0.06966145833333333 0.1220703125
11 0.10514322916666667 0.023193359375 0.14778645833333334 0.04638671875
11 0.6516927083333334 0.546142578125 0.06705729166666667 0.0380859375
11 0.6129557291666666 0.757568359375 0.053385416666666664 0.0849609375
11 0.978515625 0.092041015625 0.04296875 0.14892578125